21865
23563
23564
23565
24544
25831
25997
27469
27702
27879
28130
28140
28334
28483
28484
28485
28597
28599
28600
28601
28662
28735
29012
29019
29029
29033
29038
29045
29062
29066
29071
29082
29087
29091
29096
29514
29515
29519
29522
29525
29921
30054
30065
30075
30101
30102
30113
30118
30123
30129
30134
30139
30144
30164
30169
30185
30216
30222
30231
30486
30730
30769
30773
30776
30887
30896
30899
30904
30905
30907
30975
30976
30990
30991
30992
31004
31028
31320
31364
31369
31379
31396
31613
31960
31972
31991
31992
32002
32004
32009
32020
32029
32039
32060
32252
32334
32365
32592
33204
33215
33216
33322
33328
33329
33469
33473
33522
33566
33579
33664
33675
33694
33695
33704
33722
33728
33749
33771
33965
34211
34212
34215
34216
34228
34229
34369
34371
34373
34375
34377
34379
34394
34395
34396
34397
34398
34605
34614
34615
34799
34900
34903
34906
34912
34921
34927
34930
34933
34939
34942
34945
34990
35002
35026
35027
35036
35059
35066
35088
35115
