11166
11202
11203
11204
11205
11206
11207
11208
11223
11224
11225
11226
11813
16214
16215
16216
16217
16218
16219
16220
16221
16222
16223
16224
16242
16243
16244
16245
16246
16247
16248
16249
16250
16251
16252
16253
16254
16255
18259
18260
19444
19445
19446
19447
19448
19449
20726
20727
20728
20729
20730
20731
20732
20733
20734
20735
20736
20753
20754
20755
20756
20757
22392
22530
22531
22532
22533
22534
22535
22536
22537
22538
22539
22540
22541
22542
22543
22544
22545
22547
22548
22551
22552
22553
22554
22555
22556
22557
22558
22559
22560
22561
22562
22563
22565
24000
24003
25848
25849
28270
28271
28272
28273
28274
28276
28277
28279
28280
28281
28282
33148
33149
33150
33151
33152
33153
33165
33307
34872
35297
35298
35299
35498
35500
35756
