878
1288
1475
2324
2325
2604
2605
2678
2692
2880
3164
3371
3372
3466
3713
4340
4341
4342
4402
4470
4471
4589
4611
5523
5524
5635
5637
6217
6218
6260
6261
6338
6339
6358
6359
6370
6371
7067
7068
7069
7070
7072
7075
7076
7077
7078
7079
7080
7081
7082
7972
7973
8146
8151
8152
8925
9210
9262
9719
10286
10290
10648
10938
10939
10940
10978
10998
11082
11083
11084
11128
11130
11134
11135
11137
11138
11139
11144
11145
11174
11175
11176
11177
11178
11291
12662
12803
12804
12808
12811
13422
13423
13503
13757
14343
14344
16202
16203
16204
16206
16207
17010
17011
17204
18240
18256
18512
19441
19943
20520
20725
20746
20747
20815
21882
21884
21885
21886
22445
22447
22448
22450
22451
22452
22456
22457
22461
22462
22463
22572
22573
22574
22575
22576
22577
22578
22682
23055
23571
23572
24476
25843
25844
25845
27511
27513
30183
30817
31080
32428
34664
35748
35749
35750
35751