21870
28383
28402
28410
28422
28444
28447
28449
28517
28545
28569
28585
28608
28610
28630
28640
28642
28645
28663
28669
28670
28746
28747
28752
28810
28975
28977
28982
28985
28987
28991
28994
28997
29000
29003
29005
29239
29242
29245
29248
29251
29254
29258
29262
29265
29512
29951
30027
30031
30033
30035
30037
30039
30041
30043
30045
30050
30060
30066
30067
30081
30092
30100
30104
30641
30674
30680
30681
30682
30683
30737
30763
30768
30770
30779
30873
30880
30885
30886
30891
30894
31595
31597
32239
32242
32243
32245
32267
32268
32345
32352
32366
32391
32394
32398
32402
32510
32593
32609
32648
32785
32786
32787
32788
32789
32790
32791
32792
32793
32794
32795
32796
32981
32990
32999
33191
33207
33222
33303
33324
33357
33471
33523
33537
33577
33582
33805
33812
33878
33880
33884
33886
33890
33892
33896
33899
33902
33905
33908
33911
33914
33916
34559
34560
34561
34562
34563
34564
34565
34566
34567
34568
34569
34570
34571
34572
34573
34574
34575
34612
34807
34809
34919
34926
34947
35136
35137
35138
35139
35140
35141
35142
35143
35144
35145
35146
35147
35148
35149
35150
