28510
28649
28661
28675
28730
28753
28757
28763
29126
29172
29177
29352
29367
29373
29379
29384
29920
29922
29997
30028
30052
30061
30083
30109
30110
30667
30736
30738
30834
31319
31326
31339
31398
31399
31919
31920
31921
31922
31923
31924
32081
32238
32247
32261
32266
32335
32497
32526
32527
32528
32941
32942
33054
33055
33056
33057
33058
33064
33293
33496
33497
33498
33499
33500
33853
33918
33919
34073
34074
34075
34166
34189
34213
34230
34361
34362
34363
34625
34837
34887
34888
34889
34890
35129
35130
35131
35282
35283
35284
35320
35733
37927
