entry
22459
22460
24027
24028
24029
24030
24031
24032
24033
24035
24036
24037
24039
24047
24048
24050
24051
24052
24053
24054
24055
24056
24057
24058
24059
24060
24061
24062
24065
24066
24067
25890
25893
25894
25895
25896
25897
25898
25899
25901
27679
27777
27785
27786
27809
27812
27820
28118
28119
28120
28123
28360
28361
28362
28363
28556
28557
30546
30547
30548
30549
30550
30551
30552
30553
30554
30555
30556
30558
30559
30560
30563
30564
30565
30566
30571
30572
30573
30574
30575
30581
30582
30583
30584
30585
30586
30587
30588
30589
30590
30591
30592
30593
30594
30598
30600
30601
30602
30603
30604
30605
30606
30607
30608
31116
31117
31118
31861
31863
31865
31867
31868
32193
32194
32195
32196
32197
32198
32199
32200
32201
32202
32203
32204
32205
32206
32207
32208
32209
32210
32211
32212
32213
32214
32215
32216
32217
32218
32219
32220
32221
32222
32223
32224
32225
32226
32409
32410
32634
32635
32636
32637
32638
32639
32640
32641
32735
32836
33060
33131
33132
33133
33134
33135
33137
33138
33139
33140
33141
33142
33143
33144
33782
34220
34256
34831
35315
35316
35318
35487
35488
35489
35501
35503
35707
35758
35759
35760
35761
37503
38545
38546
38547
38548
38549
38550
