21847
21863
23531
23532
23533
24549
24556
25834
25857
26000
27470
27703
27707
27880
28126
28136
28335
28505
28506
28507
28508
28518
28519
28520
28521
28776
28780
28824
28827
28968
29017
29020
29032
29034
29039
29048
29055
29057
29065
29067
29072
29080
29085
29090
29092
29097
29357
29503
29506
29507
29509
29511
29947
29976
29987
29998
30029
30112
30114
30119
30124
30130
30135
30140
30145
30151
30160
30165
30170
30188
30189
30205
30211
30217
30223
30232
30487
30644
30668
30725
30741
30764
30767
30774
30780
30969
30970
30982
30983
30985
31001
31007
31008
31011
31026
31032
31034
31035
31050
31055
31060
31061
31375
31397
31409
31614
31961
31967
31973
31981
31987
31993
31998
32005
32010
32015
32021
32030
32034
32040
32049
32056
32072
32076
32077
32234
32275
32278
32280
32328
32347
32353
32608
32656
33512
33517
33519
33528
33531
33534
33539
33586
33587
33665
33671
33676
33684
33690
33696
33700
33707
33712
33717
33723
33729
33739
33744
33750
33759
33767
33974
34234
34240
34341
34342
34343
34344
34350
34351
34352
34366
34367
34370
34372
34374
34376
34378
34380
34406
34407
34408
34409
34808
34902
34904
34911
34916
34938
34991
34998
35003
35011
35022
35028
35032
35043
35049
35053
35060
35067
35078
35083
35089
35098
35111
