23534
23535
23536
24122
24123
24264
24266
24267
24545
24553
25830
25855
25998
27471
27704
27708
27881
28127
28137
28331
28583
28586
28593
28671
28732
28744
28756
28775
28796
28801
28803
28804
28963
29011
29021
29028
29035
29040
29044
29049
29058
29061
29068
29073
29076
29081
29086
29093
29098
29122
29502
29504
29505
29508
29510
29983
29986
29990
30048
30115
30120
30125
30131
30136
30141
30146
30152
30161
30166
30171
30187
30190
30206
30212
30219
30228
30233
30488
30728
30731
30972
30974
30987
30988
30989
31003
31012
31014
31015
31027
31037
31039
31040
31051
31056
31063
31064
31330
31333
31368
31371
31376
31400
31410
31616
31962
31968
31974
31980
31988
31997
31999
32006
32011
32016
32022
32031
32035
32041
32048
32057
32083
32084
32085
32086
32087
32088
32089
32090
32235
32240
32241
32329
32354
32373
32376
32521
32525
33286
33327
33356
33421
33432
33453
33463
33479
33666
33672
33677
33683
33691
33697
33701
33708
33713
33718
33724
33730
33740
33745
33751
33758
33768
33808
33810
33972
34243
34244
34245
34332
34333
34339
34340
34345
34353
34354
34355
34356
34357
34400
34401
34402
34403
34404
34405
34847
34992
34999
35004
35010
35023
35029
35033
35044
35050
35054
35061
35068
35079
35084
35090
35097
35112
35181
35182
35183
35184
35185
