24261
24262
24263
24547
24555
25833
25858
26001
27472
27705
27709
27882
28128
28138
28332
28591
28594
28621
28740
28741
28742
28748
28751
28966
29015
29022
29030
29036
29042
29046
29053
29059
29063
29069
29074
29078
29083
29088
29094
29099
29950
29972
29977
29985
29991
29995
30116
30121
30126
30132
30137
30142
30148
30153
30162
30167
30172
30192
30201
30207
30213
30220
30229
30234
30489
30531
30532
30533
30534
30535
30536
30538
30541
30543
30727
30734
30739
30761
30766
30772
30778
30893
30898
30900
30903
30912
30916
30977
30978
30993
30994
30995
31005
31019
31020
31021
31029
31044
31045
31046
31053
31058
31067
31068
31328
31335
31343
31367
31370
31377
31406
31411
31618
31963
31969
31975
31983
31989
31995
32000
32007
32012
32017
32023
32032
32036
32042
32051
32058
32263
32271
32341
32367
32389
32396
32400
32404
33501
33515
33518
33527
33530
33533
33538
33552
33584
33585
33667
33673
33678
33686
33692
33698
33702
33709
33714
33719
33725
33731
33741
33746
33752
33761
33769
33971
34167
34168
34169
34170
34180
34181
34186
34188
34381
34382
34383
34384
34385
34386
34901
34905
34910
34914
34918
34922
34925
34928
34931
34934
34937
34940
34943
34946
34993
35000
35005
35013
35024
35030
35034
35045
35051
35055
35062
35069
35080
35085
35091
35100
35113
