21864
21869
21874
24546
24554
25832
25854
25999
27473
27706
27710
27883
28129
28139
28333
28589
28612
28631
28647
28666
28726
28743
28755
28967
29016
29023
29031
29037
29043
29047
29054
29060
29064
29070
29075
29079
29084
29089
29095
29100
30024
30053
30055
30079
30084
30085
30097
30111
30117
30122
30127
30133
30138
30143
30149
30154
30163
30168
30173
30186
30194
30210
30215
30221
30230
30235
30490
30740
30866
30878
30884
30892
30917
30979
30980
30996
30997
30998
31006
31022
31023
31024
31030
31047
31048
31049
31054
31059
31069
31070
31378
31407
31412
31619
31964
31971
31976
31979
31990
31996
32001
32008
32013
32018
32024
32033
32037
32043
32047
32059
32073
32078
32080
32250
32264
32273
32338
32377
32517
32518
32570
32573
32575
32579
32581
32583
32585
32587
33206
33287
33299
33300
33464
33481
33489
33514
33668
33674
33679
33682
33693
33699
33703
33710
33715
33720
33726
33732
33742
33747
33753
33757
33770
33970
33973
34192
34193
34194
34195
34202
34208
34209
34210
34388
34389
34390
34391
34392
34393
34601
34607
34613
34994
35001
35006
35009
35025
35031
35035
35046
35052
35056
35063
35070
35081
35086
35092
35096
35114
