23541
23543
23546
24550
24557
28298
28299
28300
28428
28429
28430
28434
28435
28436
28440
28441
28442
28476
28573
28587
28604
28633
28658
28773
28774
28782
28794
28800
29171
29355
29356
29359
29981
29988
29993
30021
30090
30722
30732
30830
30883
30902
30908
31318
31322
31334
31959
31966
31984
32014
32025
32055
32248
32332
32344
32348
32374
32854
33465
33478
33490
33492
33494
33663
33670
33688
33716
33727
33766
34014
34182
34183
34198
34247
34337
34540
34608
34891
34898
34987
34989
34997
35015
35064
35103
35109
35514
