21846
21873
24255
24256
24257
28385
28404
28409
28423
28443
28446
28450
28565
28566
28567
28629
28639
28641
28644
28652
28654
28655
28656
28733
28750
28778
28779
28799
28828
28974
28976
28980
28983
28986
28990
28993
28995
28998
29001
29004
29238
29241
29244
29247
29250
29253
29257
29261
29264
29516
29520
29524
29526
29965
29984
30020
30030
30032
30034
30036
30038
30040
30042
30044
30046
30064
30068
30096
30106
30643
30673
30675
30676
30677
30678
30879
30888
30895
30897
30914
30915
30919
31594
31596
32256
32258
32265
32276
32333
32339
32342
32346
32390
32393
32397
32401
32512
32519
32606
32797
32798
32799
32800
32801
32802
32803
32804
32805
32806
32807
32808
32979
32988
32998
33211
33279
33280
33291
33331
33386
33446
33480
33483
33524
33536
33559
33583
33811
33877
33879
33882
33885
33888
33891
33895
33898
33900
33903
33907
33909
33912
33915
34485
34487
34488
34527
34528
34541
34542
34543
34545
34546
34547
34549
34554
34555
34556
34557
34558
34923
34929
34932
34935
34941
34944
35151
35152
35153
35154
35155
35156
35157
35158
35159
35160
35161
35162
35163
35164
35165
