23537
23538
23539
28381
28405
28411
28424
28445
28448
28451
28453
28454
28477
28502
28503
28511
28512
28514
28515
28605
28638
28643
28646
28795
28973
28978
28981
28984
28988
28989
28992
28996
28999
29002
29006
29183
29240
29243
29246
29249
29252
29255
29259
29263
29463
29517
29521
29523
29527
29918
29966
30026
30047
30057
30062
30091
30684
30685
30686
30687
30861
30862
30863
30864
30868
30869
30870
30871
31598
31599
32232
32251
32259
32270
32279
32324
32351
32392
32395
32399
32403
32513
32515
32516
32568
32571
32574
32577
32580
32582
32584
32586
32647
32655
32809
32810
32811
32812
32813
32814
32816
32817
32818
32819
32820
32821
32980
32989
32997
33285
33513
33516
33520
33529
33532
33535
33540
33557
33578
33580
33588
33589
33813
33876
33881
33883
33887
33889
33893
33894
33897
33901
33904
33906
33910
33913
33917
34431
34432
34433
34434
34435
34436
34437
34438
34439
34441
34442
34443
34444
34445
34446
34447
34448
34602
35166
35167
35168
35169
35170
35171
35172
35173
35174
35175
35176
35177
35178
35179
35180
